3
9
111
209
559
680
701
852
1101
1267
2116
2119
3242
3262
3265
3462
3549
3790
4224
4694
4713
4760
5410
5432
5483
5578
5588
5645
6181
6315
6471
6503
6640
6703
6718
6775
6830
6939
7162
7418
7552
7922
8075
8100
8220
8437
8473
8551
8560
8612
8881
9008
9009
9066
9381
9919
10143
10429
10996
12093
12322
12389
12586
12659
12850
12876
14061
14536
14586
14613
15154
15169
15626
15782
15967
16125
16276
16814
18451
18734
20278
20473
20746
20766
20860
21100
21232
21859
22047
22772
22773
23884
24940
24961
24971
25229
25369
25653
26068
26496
27176
28271
28573
28753
29075
29691
29854
30083
30176
30633
30798
30860
31078
31103
31334
31400
31863
31877
32329
32780
33083
33785
34224
34700
34962
34989
35470
35916
36352
36375
36850
36874
37153
37560
38197
38731
38935
39149
39378
39642
39798
40529
40676
41164
41653
41665
41722
42331
42831
42926
43289
43317
43350
43513
43588
43847
44716
44925
45045
45204
45382
45413
45899
46475
46562
47066
47172
47447
48362
48496
48635
49367
49453
49770
49855
50542
50613
50979
51167
51395
51659
51815
51852
52173
52423
53187
53356
53667
55470
56322
57043
57858
57860
58073
58955
59729
59895
60404
60729
60781
61138
61171
61493
62248
62744
63473
63916
63949
133398
134520
136052
196689
197019
197328
197422
197540
198031
198093
198985
199118
199246
199926
200081
200651
201133
201401
202425
203476
204490
204725
204911
204957
205100
205406
206804
207396
208294
208323
208870
209480
210228
210273
262589
263511
394738
395089
396507
