3
111
174
559
680
701
1101
1267
2119
2547
3064
3215
3242
3265
3301
3320
3462
3549
4224
4694
4755
4760
4780
4785
5410
5483
5578
5588
5607
5617
5645
6315
6471
6503
6718
6830
6939
7016
7018
7162
7203
7418
7643
7725
7795
8100
8220
8283
8342
8437
8473
8551
8560
8612
8881
9008
9009
9066
9070
9116
9260
9381
10143
10429
10996
11664
11831
12083
12093
12337
12389
12586
12659
12876
13022
13030
13124
14061
14536
15003
15154
15169
15626
16125
16186
16276
16509
17356
18451
18747
18881
19429
19969
20278
20473
20766
20845
20860
20904
21100
21232
21859
22047
24940
24961
24971
25198
25369
25512
25653
25697
26068
26496
27956
28271
28573
28753
28855
29075
29182
29278
29691
29802
29854
30176
30633
30798
30836
30860
31103
31147
31400
31863
32097
32329
32780
33083
33387
33668
33785
33915
34168
34224
34700
34702
34779
34989
35196
35470
35661
35913
35916
36236
36352
36375
36850
37153
37560
38731
38935
39351
39642
39798
40676
41011
41164
41281
41653
41665
42331
42831
42926
43289
43317
43350
43513
43847
44066
44220
44493
44716
44901
44925
45045
45204
45382
45413
45820
46562
47066
47172
47447
47482
48496
48666
48874
49367
49392
49453
49502
49697
49770
49855
50304
50360
50542
50613
50673
50979
51167
51395
51815
51852
52173
52423
53356
53667
55286
55470
55639
55720
56322
57367
57858
57860
57871
58073
58955
59728
59729
59741
59760
59895
60404
60567
60729
60781
60798
61171
61317
61493
62068
62248
62744
63473
63916
63930
63949
64425
133398
134520
135132
136052
136175
138576
196689
197019
197155
197328
197422
197540
197595
198031
198093
198985
199118
199246
199456
200019
200081
200313
200651
201401
201536
201848
202053
202242
202425
202933
203476
203523
204355
204490
204725
204911
204957
205053
205100
205235
206804
207560
207616
207656
208294
208323
208951
209696
210083
210273
393886
394380
394738
395089
395954
396073
396362
396507
397031
397438
397444
